46.724908291491886, 1.0560025643109756
51.53942355270442, 3.675366580138145
53.16871004004159, 2.7685451410049478
47.227154027318136, 2.6278676473369273
49.81986417277348, 1.7726113060611541
49.143912566590835, 0.124079821531212
50.27429218037401, 1.0886905215807061
53.173560932684794, 0.6806583496862011
48.75407160363349, 0.3707061251150141
54.1158463548077, 0.43491687023522774
46.90746530715612, 5.309381040020204
43.703511263608405, 2.2258721763910687
48.14702375052637, 0.8433431800419398
49.45254732198066, 3.545124914902023
50.823616352798204, 3.2465709422372875
47.981989082434545, 0.20621211141342588
58.594003581010114, 2.054345399397407
48.95073602052587, 3.518768099305664
46.698072902185025, 2.613657773290087
49.80630616326959, 0.4496786445860059
45.84292029167584, 2.7220655353055925
