53.54396482841414, 2.8829885802487905
49.50946268716785, 0.4960239457858904
51.89631694245086, 0.2802138239661087
45.19433989649505, 3.4300315947921627
51.84671955589438, 1.8318179911099606
49.633374192204926, 2.3320155218568424
47.815071011020144, 0.48542575990709613
49.59198615330006, 3.0800103701626513
52.4624838007822, 1.082876989157986
47.15292617261096, 1.0861397968316622
55.37785577855208, 0.4985871242112625
52.71132003376686, 4.40275440840491
49.87983288390412, 2.774912058046386
46.413169123095415, 4.333403212044118
46.48952096522547, 1.6349804605332403
47.347839496477505, 0.17147702471042225
51.57498972042779, 1.7104339437541067
46.830276848143086, 0.5472498971890603
46.7817384470431, 2.374965954533372
50.21835064283595, 4.144700854017909
55.8764237814009, 3.508354408725709
50.810573602315635, 1.5446417040681477
47.39780892620636, 3.9079403574578997
48.44402935456235, 0.3836238398626932
52.85401381666839, 0.7033692377023879
48.91974965623792, 2.0798032429490076
52.135550855476794, 1.7375537615583658
49.69520806517921, 2.2524850824455815
53.294828941259375, 2.8259280274477745
50.73749371670614, 1.270504065365121
48.10486647991259, 1.8252424537220908
49.39124544884779, 3.758381090384147
42.984217177122865, 3.973255049036163
52.25335738282858, 3.560317232603155
45.655343555037604, 2.096678608922999
44.26838202307559, 4.645955567186249
43.188227622445375, 2.675470327663211
49.97573223249498, 1.256326271774319
45.840602785555454, 0.34047495683259354
56.22816687423156, 3.039731447681321
50.754443595268334, 3.3129186256941647
53.98923338984835, 0.19625821701989965
48.029534455374815, 0.7432331751017087
51.27840000123648, 1.863606585281221
48.6841683538527, 2.6968819191184488
54.381158300223, 5.801784233320149
49.45500514636983, 1.455126402769287
51.087450547009155, 4.028607129152326
50.39571310998661, 2.4846430256607213
51.74766809624369, 3.5472151303679946
51.95692433723145, 2.9850438984995615
46.95526120443885, 2.605968304497868
50.8737210431008, 3.5926983923080504
50.342199309410006, 4.14069313318716
45.18250591421871, 0.943130938184296
53.297182997441126, 1.276351734046962
49.85213421239184, 0.9614287038877054
49.23681578822884, 2.386693065432012
48.544594602319414, 1.001002519572011
44.8931853157863, 3.2180776204106687
50.283618704323835, 1.7808011877632217
50.89417347451843, 0.5365633281561506
51.48150316253884, 2.488359065142311
54.18876714162393, 1.9880220458106086
52.04982527430841, 2.0760179329935164
48.37433425034557, 3.47459481277705
51.04938923385008, 5.011949019090394
49.3525289126311, 2.9784851873057643
49.284230056095744, 0.06959974742148378
48.271235393112526, 1.8186781408404888
51.527566178676665, 2.491466256493356
46.12143835426316, 3.689810624238917
49.63198299983276, 0.3250347483928022
53.10169655097828, 3.7666287467164588
51.8735332231452, 0.6302916929732874
44.63646160413538, 1.6020282549813398
54.18924684688292, 3.8672935312804473
53.17457284496876, 4.158344268407385
49.1284537710764, 0.4531290970078492
45.32546453237287, 0.043578189514881016
50.43059922331015, 1.8646103254441186
46.0604310472947, 4.406764944127502
52.84057240403557, 2.6926437588164847
52.59876350205481, 0.15503312916855183
48.47158011918269, 1.821148388008369
50.15731482812554, 1.9496936589235994
49.24192601147878, 3.3699904800379388
49.37615186293115, 2.271201334708765
52.60317942157943, 2.550283282603136
48.70616993931582, 2.4270607046163795
51.276809541895034, 1.669535463372407
54.21687500694395, 3.764987959233441
56.91756462023717, 0.7009698817557202
50.58167514665872, 2.9580137589416418
46.60519239962527, 3.438790781123241
46.635950203197886, 1.9292710705723135
48.846133976840065, 2.1540731895393357
49.46368072907924, 1.6045528102196998
52.38999710920777, 1.5716341397250977
45.97874356803737, 1.3951829276344165
53.27688761385818, 2.1040341859596166
47.98362559472016, 4.320336035992884
50.08674938210055, 1.4199534439734744
48.257578411879784, 2.9278811168005436
49.34926468982777, 1.9168196135101194
46.767519389272614, 1.4899353215066151
54.612221627880025, 1.1707396796375453
48.18278404808246, 2.601384738487668
50.67356787504124, 3.442945487633589
50.998364197455, 0.6045059407124622
47.6516169238542, 1.4723081610810826
51.48908356280628, 1.4396864214311362
45.90601391175937, 1.5388118186672588
56.00317421417698, 0.41013889540929704
51.45720354593372, 4.255469900880291
51.18249765385279, 4.77488363429942
46.37905079220251, 4.970857378394371
52.74143511010239, 1.3021521546621881
51.2932609268079, 3.476349071188049
48.751365102441135, 0.7237191221518582
48.655523338752346, 0.43888229662666056
49.25725570310938, 4.048449264928243
46.85054688266894, 2.1068297936798737
57.32292201407453, 0.09855201330296781
48.50116320754825, 3.6173123270447913
51.906678734772925, 0.6856824587479529
48.75776041507951, 2.0316094580967388
47.72805263333088, 5.102095769880123
45.431226398426226, 1.2194387443354864
47.8470885229113, 1.8833699278100853
53.88070784474022, 1.5061357790175518
51.30723055753431, 3.4125030456082017
47.200015214374, 0.8112340127036317
47.480077196273875, 1.2301915538565267
46.98967012809752, 4.568911618498641
53.669829277504746, 3.964526354246127
51.06051160217777, 2.764262387079742
59.27499175976833, 0.2541867240368565
47.97728405122079, 4.622691895644447
47.749108058047334, 0.9181465149771877
50.68738272827644, 0.3418516134864551
53.56194538903657, 1.7163886964723998
47.74455006284017, 0.39754613271323924
47.22271901564611, 0.19547495219904842
51.10553611332168, 6.32352411052628
42.00768105555617, 0.5387659273802012
47.45790167594555, 1.3090556027786646
43.93765238774507, 2.145807971570468
54.04895742366759, 4.947023892368259
51.05179010480476, 0.9634444147729555
50.110433019865, 1.8341528437666166
51.4922570908899, 1.353878531728625
51.94165826653163, 0.7517407394886573
45.61295844600817, 4.5761279775834796
52.71434988619782, 5.121543307316455
50.03663041118903, 2.077220298345866
49.291081927105786, 0.36248138920888984
51.35650631139809, 0.39591424442540424
52.16112114230384, 2.3806092915323087
53.148386173459734, 3.6746904606355413
48.44577363078284, 0.02132558412333596
49.60011522661675, 0.6490217181
54.16883264473034, 1.3764616885665233
46.54508154775011, 0.6301680379681531
50.86809712422688, 0.6748450058743396
55.87312251072787, 0.6749549870848053
48.72623864455082, 0.8790151329833766
53.51778222125771, 2.5604342539351785
54.370843129027655, 4.9443784136641025
48.695311931227074, 4.405477803294623
49.64106480325192, 0.5846561234476735
59.52105013533147, 3.968034416613661
46.74868610452164, 1.0790535937492245
50.05641576073621, 0.30310308999153524
55.79907812073868, 2.9769769648149653
47.61768233217992, 1.6726740899110129
45.826242191146655, 5.694572776846393
47.54511650557796, 5.5366443924970845
51.07162825257743, 4.369756624197622
50.211538525634104, 4.244530402411675
50.74544481802187, 2.347624971212465
52.80981639919561, 1.6535495318762
49.65795508506679, 2.4475063407060658
46.19809081055219, 1.7176903612142025
47.030187249687984, 0.9527728918934846
49.291116275166246, 0.627111343112116
52.82075693246399, 0.5300437234958923
52.123507238109575, 3.2092544330836033
45.92876845821549, 1.7082237120576071
55.098479228774224, 2.4041175989939068
51.68814447424795, 4.9524508512586864
49.785412125722665, 0.7402119959883726
46.084618784277794, 3.125882698952446
48.698528646112685, 1.4622681556268007
50.239281356628574, 2.536064546143783
49.99033922612049, 2.478748750397597
49.758527096968066, 0.6822216946821515
54.039089578523395, 4.933531841204178
50.34521150809361, 3.0688100053361933
51.76703897198846, 3.009242849571611
53.18589918102611, 1.0101591241879668
46.80337253273307, 0.45919831426681945
50.26356780997699, 1.9184934318058424
47.68186259024663, 2.286115943201534
55.20152527467208, 1.0743705810310906
54.833108893006596, 0.8495646097990321
49.463557439624296, 4.3370687451613055
46.80622119283484, 5.389724895612494
47.937582012173735, 2.8917941062188204
50.86263546894602, 2.2222965944493236
54.371632854257605, 0.6710976510067299
52.398141463295026, 3.6396436649680917
49.31113455790246, 3.4874684336796054
50.912510527487974, 0.9538851591031259
46.35239211984003, 0.9580633821720261
46.42398490533524, 3.7978713639038197
47.60596301360066, 5.902513358936344
51.817387872642485, 4.085941589039928
51.450579075483994, 2.0170365955935314
50.724088732233476, 0.7915003582421294
45.75816574654203, 0.4957144107441436
54.44925902568628, 0.3633238730804811
48.14233300487544, 2.1254130103863496
52.67161980573874, 0.7887024155156444
49.418795653308194, 2.1157094655774036
47.05877050931798, 4.762656785150064
50.18808854706644, 5.440246011842097
48.0603146793963, 2.6223899084289712
52.354718430923285, 0.2968386853067606
48.16174102085372, 2.688832319493949
47.23060213828949, 0.43731478372296917
47.174143528781045, 3.653177097578279
50.18647132537352, 0.8991848754607896
47.175247654823906, 0.825368841597401
54.34704364487288, 1.644290347648893
47.54323520533234, 0.20581861354940734
47.238989019008685, 3.1736656279002764
45.22146232271151, 3.471994296497013
49.93870176599692, 3.572839432686736
47.434571272281325, 5.073927732558836
46.31918437257753, 3.0903289275307495
49.197811332836494, 2.6929022297903984
47.598516169613184, 5.996334431382407
49.22885517379471, 4.875971442058619
52.220079499911485, 3.0423659266062684
48.64791998526423, 3.8460959989861783
53.227307076381074, 0.7664585443691694
53.83264982805258, 3.9700929647929524
49.833749785138785, 0.6861061495604175
48.84314486675661, 1.9883306607154891
49.255600888791875, 4.615495717886665
53.086787645224206, 3.842948936145896
52.22983589310397, 1.542325208970552
52.617230471005946, 1.0630202284151895
54.11915361453678, 4.553097734350564
50.07902410966674, 2.6652555620738476
55.016562612363735, 0.5057646527992159
52.184357253523864, 0.5169786298821162
47.16684168717582, 4.858798345230074
49.56274997835422, 2.138180299243968
48.346992667588616, 0.028657458693307936
52.455474815660565, 3.4230122525219917
49.6259724078841, 2.54949821931664
48.463022857581564, 1.770571981106916
48.32031401215546, 1.7342515516851993
49.82560314479854, 4.408908601230106
54.111468746298996, 1.7510925329445082
52.110017194093494, 1.7607937686548345
52.79432938926144, 4.244678272750016
48.00840667254152, 2.8866326630012855
47.40042451420949, 1.393797069160205
50.86387298463547, 6.011463585241726
51.1912725181113, 2.0300377749277247
54.91886870107112, 5.989823304661937
47.51394134856605, 0.5222839384071398
51.83045222370788, 4.217612076298266
51.5938206124015, 3.2750252270642832
52.10240014830968, 3.42992424628513
47.11228058311406, 0.3504262531783886
52.906668185017544, 0.35741210625889996
48.45031892063925, 2.311734117502133
51.77053268090535, 1.9741017860732937
47.501152251089856, 3.3267120069547547
54.50593512088195, 0.1991469090939859
51.13679856144868, 3.492947914068009
55.81605803900315, 2.6073652527779325
46.999619284233596, 0.4563238636561757
46.2806785333412, 1.6879854176725289
50.67634258913399, 2.7993402908830882
49.64311764602941, 2.603371637021776
50.02735239454759, 1.4859642191935163
51.60227788689729, 2.059535604520225
50.345095409574434, 5.835323971226463
53.462098766866575, 4.011260961272633
44.31934375840902, 3.4155938497686664
52.24683241898797, 0.5030434469264953
47.68159143349814, 0.3625470364783405
41.43093611518591, 0.8672759720941825
51.57351240475955, 2.7901755026231774
45.21571202015737, 0.32692950826170764
50.213564464596104, 4.437671283989152
47.93299147909889, 2.9424740329749324
48.149157345012796, 2.659002632085966
51.16150624140373, 0.43736533365767016
49.43917184080445, 0.8851438153110931
47.279422815207354, 0.15127632199850582
51.502204488145765, 5.686513826912776
47.92811683517226, 3.0336817571714327
54.24048801546196, 1.418325918946372
53.95090466414168, 2.09006215437767
54.08265735449713, 2.957405063170209
56.47000398368213, 1.6636500628425994
49.61278181860531, 1.4925243621100388
51.90838839266581, 3.896216051960441
52.93920139487789, 2.3679175054900603
53.43733995412807, 2.066020243784405
52.55686567478004, 0.20880122791893152
56.83343164022302, 1.9342398280223458
51.508229767379056, 1.8455661060847022
48.52141104506781, 1.4928973390679232
50.394521861670036, 0.3171962310950449
51.009312789886444, 0.7454591106258914
56.012464072176854, 1.5127023961230117
48.83034834084287, 1.4967235462884951
49.91772243942949, 0.24776542393930723
48.73262869852598, 0.21238913397370718
53.47871835000635, 4.8229520526734655
49.046500402365886, 4.017971776222069
52.89882268979155, 2.279934465542559
49.061158927357454, 1.584865250378639
44.827858240617196, 2.297527364186912
48.58492863295722, 1.117701879517762
49.62901888653484, 0.9616452107107545
52.02999710421, 5.54881135516064
50.35804942168934, 2.0821822181378695
52.882629122936955, 4.556122284048941
45.634704330863414, 1.4265704432550268
49.602116283248854, 3.0353462586235995
47.64858643585794, 1.259794572358071
55.412856464271314, 0.5583302715079315
52.74790998497248, 2.7137106383590783
48.927912056889795, 1.533004323554453
45.12278185868159, 1.9849646111555248
51.14349279097995, 0.692542406901473
48.66147718306098, 1.931118455920156
50.586331388026, 1.3197238698598244
50.81934239321139, 2.901235390833267
50.62067429384982, 0.01142960213491051
48.970437007882055, 3.3039946359730665
48.94859792882994, 3.129659606207817
49.70204059746905, 2.467400092875715
48.30377070911458, 1.2140982419950088
48.36692194383666, 3.2670071309131474
50.8484620275956, 6.526667130049783
48.71986177779552, 1.9210405342204728
53.990903412266114, 1.781458337709021
50.07414514332855, 1.836774591014763
48.99199120702653, 0.919110607700939
50.9778691490698, 0.3469605152115647
49.54963345667083, 0.15152481336896795
50.455486939923375, 0.7640556096945859
52.87157266506668, 0.21440970035259133
50.99412997548144, 2.2799398536037967
49.05795752988693, 1.7721822413485868
49.66852488975822, 0.25173376793801405
48.306140308625565, 4.173362732094624
51.54348938619184, 4.313196436151509
48.072165636435535, 3.5178768768455484
47.310535775436826, 3.0520023400627396
50.321448537646766, 4.5509458944728145
51.52824404558417, 3.158499333971607
42.51613764125974, 0.5529467657725757
51.31466068446866, 2.9215295903363376
45.354394974376135, 3.049390756269009
54.189409712407254, 4.977936263720117
48.46076899921706, 0.2574049737629247
47.685564045196436, 1.623426287707129
46.65592286303842, 1.6360915218888588
51.74623396276595, 1.6951428517740714
50.685360787703026, 3.735387388692999
47.947885806614096, 1.4548953948570573
54.381792111722156, 1.4357594544277679
56.65001392366953, 4.207628090124612
47.83651832818818, 1.6996827802259635
51.50959635657571, 1.9287730748717962
47.53311198215866, 1.824876226200612
49.42574181933591, 2.2212966759748003
49.68908627485557, 3.2770520687721723
45.00600435379825, 6.4360152762078515
48.78961508213838, 4.009563955476606
48.497632884587695, 2.4440439048351843
43.42708625047053, 0.5582397927861531
51.8843318983854, 4.762470671515797
48.071813894043956, 1.8762299249772683
53.17671178024877, 1.1530611604398768
48.39393625626928, 2.232992992998965
48.00285774263607, 0.966173685872662
55.6991811767879, 3.9890213997292316
51.200340702238925, 4.622284592685208
53.381211919188814, 0.06092387307239844
53.972367775583095, 2.2270681413891724
54.826808934079686, 2.2089771936155387
48.597018360655426, 0.46212029403421884
51.95494853581919, 2.3913149584446027
51.944504033489636, 1.448919197541617
44.09854135386164, 4.2429652664878965
51.314647474133096, 4.392829036147328
54.23099321922711, 4.614815734603171
47.74716641953494, 2.561083227008608
49.27663277651609, 1.3295348117395127
47.586656280300545, 2.639633646771631
50.670215405027776, 0.2757674853864327
55.7775955192288, 1.5200197338008754
55.70015866648849, 2.7031945857011537
44.28496827040411, 4.567472556472451
56.2407915485731, 0.6651357547747572
50.236818360419136, 1.4501540700395172
47.52745723856361, 4.5086036079777045
49.146921334513806, 2.5510768106903217
50.05827068127463, 7.00565025919837
48.28658729130911, 3.09009787715757
49.54402861104306, 0.8876883963954774
52.00406921192001, 1.1360982350555169
50.953666485875615, 1.95491549586088
52.50889436001889, 2.6998264231927283
47.66942512788257, 2.9503225640236903
46.368622550565924, 3.1994359285680227
51.4654207954768, 0.8759301473516223
48.98995772976252, 0.14346719871862001
51.449897905781725, 2.653972396750449
51.78567285768959, 1.3696774723562701
52.99159947833056, 0.2231636795593943
48.75110105893934, 4.782669448482952
43.57688717826828, 0.316493094121699
50.90609353150606, 2.04481199531882
56.96068798672229, 0.0553036027086089
46.483392228839534, 0.5193699602979005
56.0043867203122, 4.204388278220774
52.045938652216904, 2.30082424070758
50.944598624695864, 2.1160803797418497
47.82471436800512, 4.3730297127886155
55.85008945606193, 0.7493268275042673
48.16283563628548, 0.18245172535359933
51.66831397001842, 1.7392692562276872
40.28429011535938, 6.215641059493083
55.02762458731502, 0.11584491785686457
49.59940339084225, 2.1926097799897577
47.97151156422301, 1.41910082463291
53.072273172394375, 2.759395804373052
51.85475783593353, 2.671338215603306
53.26034199296723, 1.4026274044804254
49.87379400119957, 5.117657173826769
47.713848548355784, 3.54227188167064
49.27721611128091, 2.9839016220939456
47.68051310560729, 3.428065104558428
55.45736634977732, 1.295724690666061
48.081315157723125, 1.0447257610029768
46.602415086302614, 1.7188447618391667
48.463307454040084, 0.3841537124648018
48.980375942547816, 1.1982189279684738
53.01581710605947, 2.356765754996404
47.32444525908876, 0.4061083988722265
47.18316395769693, 4.252344337711541
51.63306977417115, 6.2424092213431175
48.89093390628945, 2.0436760752872694
51.225307213106554, 1.9081012608245205
48.76559919506548, 0.09095171185302942
48.377000247323075, 2.711602404549792
49.251885134154286, 4.583035947322774
47.374755359651154, 0.4142772829673196
43.23457207771336, 2.199315862977096
49.48753120159198, 2.0260165632034983
52.003355676750104, 0.9734625718533405
48.972027177866366, 6.066206991129881
48.59871307249856, 2.717035849017369
55.03036602034869, 1.720829109749638
48.62375298364956, 3.563151647958848
47.31742140672836, 5.587340359123662
45.43917780380815, 1.2104835853411524
49.14204505362411, 2.291623933427536
49.789515039976955, 4.555930944661842
50.58106913643838, 5.741129994321309
49.783136304388314, 4.959214906196106
50.023154550790686, 2.0569332849032937
49.78737098450693, 2.823616887548566
46.958469829394005, 1.4192803971138512
50.02369882552295, 3.6013167209523482
47.1611275598218, 1.533821775420587
47.69476851507158, 5.030870718645227
50.18288320760765, 3.2943187296369785
46.757043065644105, 1.9100673395991676
46.984381143535046, 3.4448222356495437
48.30552769092195, 2.9813939767615487
47.035248247849886, 2.4823348715343068
47.59150442191995, 1.6096908336657099
47.51355479248541, 2.544926318770851
50.34729248826716, 0.4721722988349806
50.25124928301003, 0.25403136655216363
55.067420368243404, 3.030398766643555
53.25555838139774, 0.8931046087411181
52.074253279797844, 0.40191269622457937
51.561420874599506, 0.8109856023373756
48.74726297739692, 4.803474051436488
48.7929831201092, 3.6468249808439674
48.48955484081134, 3.944985958609884
51.98130365130035, 1.1998707364839531
52.671218797043046, 3.386037297430776
48.165926492475066, 3.2549968619309952
56.24538433296554, 4.6290807504334195
48.177250853768, 2.4029920448713273
53.17315773977437, 2.8597781838665357
53.081085523716254, 2.5257611482042894
51.43810099465941, 2.671123574895699
55.88946969816739, 3.139146667661271
50.455195079914745, 1.308289880163389
53.64992159595026, 1.4864848423676729
49.59070491656537, 2.0423914715058875
52.33855676804001, 3.4484201123673106
44.97803901193771, 1.1018889608779472
51.92114251505023, 1.4203695575815203
46.67120965313495, 1.5770848819180268
51.38339664860171, 5.979014111553168
46.13174243273271, 1.5613247216613875
48.90248792574469, 0.2712733569869461
45.448035330480444, 2.059890634247356
43.574510841298725, 2.4670005199227196
46.60629545861284, 1.379885594714925
51.46339177340978, 4.935307864435341
48.000211230568716, 0.9544235088219641
48.27986175893525, 0.15450105472440878
47.511605831291256, 1.2128926969739648
48.30551840693159, 2.3041944797783867
49.41759541991936, 2.206212722245238
48.20771446097937, 0.32025771258722413
49.501875079872235, 3.2112248967848283
48.79378669992612, 0.8312616567660402
48.77418735594818, 1.772254224044966
46.17905220559024, 2.221378616927887
46.716513239219445, 2.5967882636881763
49.50137095529036, 0.6951981647099119
50.416653807805346, 4.332035110729269
54.81368313162637, 2.2579117823400936
45.934545039662694, 3.368847511896326
41.9228396522591, 2.1349679197373113
47.956723372711714, 3.1558478463610595
45.95725712198409, 4.356748631836021
54.6576675487188, 0.7290351827885679
48.496274234120584, 3.2076681066829305
53.09078925530223, 2.2588858284973603
46.465164272881346, 0.6003611258169432
46.66563886317583, 1.3296012100810692
49.40902323899061, 1.9210650007848726
55.40173768489433, 2.0257575832945562
50.24438733818112, 1.215575954133356
47.670093210016745, 3.523135769389115
45.30141212589926, 2.7832092874355627
49.95350395656036, 2.0906211624569933
55.20629613333347, 0.9306830302254319
49.21474492072728, 0.14836060619972358
50.16972604766232, 2.926609208992927
53.293440495843456, 2.060997449535469
56.78668178407388, 0.8491788367997797
52.47492496457694, 5.800847844147407
49.70531561256525, 0.17278185746350982
53.59708678163729, 2.5433819500574137
48.5405460142472, 2.7482219124290874
46.73127670873052, 1.1015319355869067
55.19493750634358, 0.8557982746914075
45.79497431939446, 1.0249469435061709
45.90840314687908, 0.7265365961244854
51.39097049358637, 4.110732081201574
48.03217141238255, 5.702379940999189
49.536961153449056, 6.098417085765753
51.42300237565017, 2.1335361421070207
43.082669927914, 0.9704808270058312
51.81834332736747, 1.5897506475407537
47.512332188099826, 2.1476714886520143
44.81992804107187, 1.8099704277117468
50.661263578440916, 3.7220370049690947
51.118219455306985, 4.957573142358397
51.68198329982647, 0.2762724473193836
53.76378662739233, 2.780772889026766
52.035278483280536, 2.074844241629133
47.81158910001884, 0.8336421526243494
49.23185781402243, 2.65668090714481
46.78674777902664, 0.9351221431181225
52.06584730001315, 2.309417456872781
54.028178514647266, 0.8848340699758652
49.6825247222341, 1.792742986439586
49.72954788712552, 2.4942558645212873
54.61827428522939, 2.815742384375113
48.61575325521977, 0.8853288391520415
48.318309589237906, 4.0933327853548835
52.8236664734929, 0.13055462033514798
51.00330062208866, 0.7987136081759585
53.50124613291629, 3.2565074348613767
46.38118169903046, 4.446075741236017
53.03359831686377, 1.5108574449696248
48.5006659009642, 6.09202038693911
43.982103205187926, 0.42156978975229076
49.69283212613561, 1.0436529814571804
52.64266724088665, 0.8242709572765292
49.98141857298525, 0.9989412570452201
47.27697392262818, 5.15919088081864
43.69875678730358, 0.9347957741673156
49.60177956188379, 0.962038628076171
45.03844501940989, 0.368174046868214
45.601311827009965, 0.7639951653501251
46.9391050136522, 2.208515526144395
48.56531522981077, 3.3830882179681927
46.59264774009699, 0.9665291040346609
50.31188891729551, 0.38709385088697656
49.08430317885372, 3.903661099435375
50.166578464062475, 0.163269126365716
51.245764575738455, 4.7876356376381715
48.065762601517605, 0.5247657487388717
45.28306512380642, 1.3947457062682038
45.74263580945948, 3.0670198717124686
51.704215846110486, 4.396693809974019
50.145437018844625, 1.8248662233032573
49.12247377385614, 3.489287519911305
47.91032700634942, 2.442986776979952
51.98051769247145, 0.893837662791866
48.91692621275579, 1.346840115015271
51.287000918035226, 6.136329985958664
49.57106469522522, 5.908749894103684
50.9976310787236, 2.0804932793873134
52.32466341028788, 0.2831744089534114
53.506010444379974, 0.8930840138187104
46.80039494136383, 0.13755007499088379
52.593513517800844, 5.100420242891095
49.02636354279167, 1.666994392469059
56.844411526322226, 1.0485670512694196
46.54714028415743, 0.3665664727330058
50.14899656266061, 1.8763236775546424
52.7080529059867, 3.3758396612233446
51.27032348307606, 4.8810136920381755
55.117874096598975, 2.5662062063535935
54.00409102374497, 1.1780297791094905
50.842024103243595, 1.6777620821591306
51.69124939823435, 4.661593611062139
47.63280888753119, 1.0030223024445402
46.06671378569777, 0.3333331129008146
48.32526405471802, 0.5247873152013582
53.69723859637672, 0.5684305478229794
55.10312975754444, 4.991950015027812
45.74868006234431, 2.708471069002488
52.72189356322322, 3.249273154828988
52.13788917710512, 5.093233594647927
55.79565915474753, 3.4278254869481977
44.89689148184771, 1.2518526585742453
54.29938361714975, 0.0555866446081259
51.08412303062298, 3.6529807731120694
47.05242676516242, 1.2101048658725992
50.34497230762385, 4.23414358285271
49.12964198287098, 1.6564678081230442
50.374848664358716, 0.6345560730528561
52.74469331099809, 0.9436120198836049
51.499286357190584, 3.5491793803965725
52.17180109186632, 1.9419238475636182
51.042962462532444, 3.2964822682056782
46.35251959767808, 0.36563881806494014
49.595885868007365, 1.7488830836538494
44.09440943542072, 2.3395130326676092
48.01325502996918, 4.445620976800278
53.161250846286556, 6.450379270656795
47.93291009649936, 0.4521526790577246
49.654083357426124, 3.350453425244468
50.84116261079827, 1.5328757439215057
50.91013913400864, 2.5122366870343007
46.83769772941696, 0.4146276415847723
53.20988763936137, 0.3085246125790171
51.71360107355453, 4.141765954032424
46.920172376805844, 0.7370698174776746
49.80282850494343, 2.750561659224177
50.05802658711279, 2.219389925545373
51.92470356574298, 2.6093426018648436
48.80564506925295, 0.9320512297043617
52.41573772547999, 3.003155161315331
47.955133357476846, 1.3798395190076271
50.508183506634964, 1.4143317114355312
47.752716617566556, 2.3105700010411754
47.55937632106529, 0.1569122380464807
49.270900889692356, 3.411642692585543
53.59902006697405, 1.105000637505912
47.03856136618735, 1.1472835311278027
50.128648047625006, 3.352651974094814
48.37852987697115, 3.386997612099145
49.21673773280031, 3.915115508496707
55.447812270908834, 3.199447839426916
48.458881259415655, 3.2957484096391125
49.85723970230615, 4.012025766150246
49.7281285735902, 1.2003104591560025
47.286885019738335, 1.880309905044345
44.83367036240265, 0.22196463769868613
50.884182901229416, 2.139646463231734
50.07068727439381, 6.156624755724215
51.684864753876035, 2.8805242276044685
49.462417290080445, 1.3840183068348058
46.30004173801223, 2.7124886235781904
48.90686653820501, 0.7747500245599224
50.62716830637923, 0.9064557031841036
49.83119105513696, 4.218735803219719
46.46995379071482, 2.3505240584383924
49.939097634799765, 2.758199250622143
50.14848696765969, 3.4801201149634786
52.215696064148794, 2.8453482894307336
53.4612796069218, 4.739941625724501
51.98155194242773, 1.3154016986323183
52.31540769460128, 1.1959867904402104
49.253754759784385, 1.1054241003916419
47.26849424396762, 2.261990376246159
52.651242856382964, 5.896507110858185
52.92589067346345, 0.33821732941095406
47.92326996095145, 1.3519532822870861
48.50606394913095, 1.2817251500027902
50.718084328202885, 3.275017754967684
54.21783177674062, 4.221369287404664
53.48198286593566, 0.30245554226458227
46.87154727417705, 0.9420309902829422
45.057254965618455, 1.5769293287805655
49.88894930340156, 0.1113156614983648
51.798433521681794, 2.2280718056783178
47.089221677013306, 1.3583247070793953
51.477702499069146, 2.2663704230666784
50.9251824338406, 1.630083069955241
51.63759451368484, 1.3563854119665475
51.76619511726975, 0.7682648067720765
49.58950976284203, 4.9453853338950395
47.568388285352235, 2.458954345173626
51.741875234206, 0.9086905805438101
52.564705764816026, 5.1690172148492834
51.96172235367801, 0.025744314374656074
50.73254134551059, 1.5214961593677385
52.38281301481263, 2.706272649982282
48.01507619509858, 1.4480679076823477
52.391442398847204, 1.7070015092310307
49.828055168180924, 1.1910712809974595
46.835457280288416, 3.654491433519294
47.85374922179319, 2.4052916899510697
48.14889962672222, 6.418276778396165
48.25670385952105, 1.586747031569189
50.9715124892939, 0.1858650881895434
51.63557963976451, 5.314728989656945
47.82135140923363, 1.941871667328995
52.692090329907586, 0.059460165381435726
50.470073629577975, 2.0979149160947017
52.41049518261493, 1.8577200442361883
56.50579884143575, 0.7250399670816723
49.5332313799671, 0.7944578065367864
50.13575500093723, 3.4034207099850136
52.140651077544206, 4.000313580518007
45.715981690638245, 0.3889091420279296
50.72815364510118, 0.12045881051001972
58.70843983602654, 3.4472027129817135
53.69036921916037, 3.253537373673944
51.926443371548274, 4.305303294548455
45.485706888860456, 0.18676612734721587
48.35676820077766, 1.7615869127557016
54.492331585310254, 4.700417813090645
44.93730784801617, 2.0369034622743296
57.28840800789831, 0.8764966668248364
50.335402939494685, 0.7939825315029587
47.513308132878386, 2.5283071106926354
55.52528551794271, 0.1521707519716562
53.54795923182138, 3.1163315559911346
51.75560871899625, 5.330169258528539
53.63603621340375, 1.193155068835205
49.45421251967032, 0.579989428931069
52.650608840810875, 4.328141134479683
50.284800669774306, 1.7104779252656135
48.94928274984493, 7.408616190992374
48.30200095187694, 2.076268222846136
48.29740551723481, 3.59196893360786
48.5291793107664, 0.6000188078486439
47.344281067432775, 1.6877349689658643
48.519194229384986, 1.745350458546935
51.031673157705335, 3.7496554720991773
52.55108202641693, 1.9638837949251382
50.394562021902644, 4.41596932995404
46.861413679488514, 3.3487829593714102
47.19213898935123, 1.1249141632214044
51.12393306507015, 1.4823919205134004
48.91558448164527, 3.901535598650888
53.47991435292076, 2.390042524590754
53.004246738512364, 1.4910709734959964
45.976165548256496, 1.0435015559338572
51.569983139497005, 1.0789295866306081
54.63825039425788, 0.0716994928643544
54.41668137246205, 4.596064126054124
51.22492254328854, 4.127302957271311
52.967949933350006, 1.5287120352976626
53.59165088643933, 2.316811649397145
49.01058210829444, 1.8929955438898236
49.022170903327066, 3.71599315306284
52.65015297505972, 3.5287909976174205
49.7718384493554, 3.6083333102235393
53.280585315214964, 3.873181472303335
53.655200109826325, 3.007790909238822
51.49457671183677, 0.47982455609565666
47.303203589092256, 0.3949810457712777
54.035175639655996, 1.0938550549592834
52.157834194833384, 0.20118808713800274
50.451114994132254, 5.672366250237966
48.70679841277393, 1.726733141193518
51.99210041238057, 0.7513018638522806
51.28687132957972, 1.0313977616142043
50.434264778138, 8.207243473474435
53.95804232707259, 2.429036016685412
48.84444270991343, 1.1623004042428664
48.229167073373844, 2.6834546984326346
49.485345213655506, 1.8183808587761172
50.52422302607904, 2.6675341916881843
51.516318844837585, 4.931826144606216
50.47962613012536, 4.9062691551794195
50.36774074515293, 3.9689478171766317
46.31530118244888, 5.554390433264427
46.73239955576409, 0.6796553020335079
51.492424342336705, 2.7107276939945724
45.48297369615179, 0.6231914162297922
49.42844617957452, 0.4651641723076263
51.98538584600542, 2.8857598524057844
51.48309003995187, 2.8039863492096897
54.06179297106495, 0.1895465242397043
47.64561445242418, 3.555656413226635
51.414608135952186, 2.0345437934493167
45.275470402028525, 1.8763565052724092
54.00130560993735, 0.6845437485023331
49.46385630929429, 5.123583229512716
50.18215486285666, 0.41863920142832756
45.907436749631096, 0.04127966403347827
45.49879750268237, 2.640781689840547
48.163892907696415, 1.9427394039442758
51.042872996891795, 4.212088504815565
47.872826299622986, 2.935178472186519
51.95965593342886, 2.984227055764398
48.44730266438434, 1.6727190958795033
51.983438957380244, 0.8378607031406744
48.264141845877454, 4.880476851294466
50.60554918323383, 1.1560987102175049
53.047506455348625, 3.32760028176693
48.36599983507271, 2.5805848709882615
56.85624515413378, 2.4790809978711397
52.845075102676866, 3.645360304176062
48.00488844750146, 0.2555762473833205
47.418879523454144, 2.0664841298167396
52.10672903673891, 4.183030101535074
51.197253199460306, 1.931399133132316
45.0635848354524, 0.22785028398236862
48.809459017957984, 1.7155008555372733
51.45679492234712, 0.8716224914900828
50.52514643284394, 1.6837434043891235
50.644981751944606, 3.504376727964707
50.618521076486644, 2.6071938757844935
44.22099349540891, 3.060651351256869
47.998525414296346, 3.8394666025435535
51.95225875610353, 0.9378197510553934
49.95503886308056, 3.734250054179129
46.83198961692676, 4.865392038336518
54.421860943685, 1.8451816441569995
52.54555939884038, 2.5409515189466365
50.069211859741756, 3.8173032429175087
56.64720898497381, 1.287381059302288
52.11814664288048, 4.249405577865566
52.45394958652629, 1.6070546778218493
51.58046926833461, 4.753579704257165
44.62818303520208, 2.506284384431404
50.11103383205904, 0.14479863536127957
46.94856982972349, 3.6330381067006274
47.3573689587163, 5.624781658417507
47.9186608860422, 2.2280589331811296
53.00683004071095, 5.734254079796242
42.66574186174609, 3.035745999886103
50.72075962450825, 0.8586704117787747
44.10748363266329, 2.4807067104825578
53.92050013026849, 2.810914316250541
45.90561514313947, 2.22051172858817
49.96906778017126, 1.4798090333459237
50.839365079467065, 3.395676165393027
51.61407520682813, 7.271936798209516
50.98071943229086, 0.869864531540053
54.53920781290578, 3.8675218816477934
55.02106395728396, 0.4430078573668841
51.61268954626292, 2.1837061051665763
50.22506277529329, 3.5636572647772358
51.32282905048128, 1.618785258930278
47.61274979302701, 4.447195214522882
50.732527710036095, 5.691222349706285
50.759998368776955, 3.28771513527167
51.00688647127787, 4.749961931384896
47.312109043937994, 4.636614375131353
54.06091140176011, 3.8046341416202427
46.58377722361987, 2.9665552045767343
44.660375913689364, 4.218968060923238
47.950622036371335, 1.0837917215207313
48.361593381152126, 5.238772614099974
47.64288444606845, 0.153977009077372
44.7212172263869, 2.436424056859999
46.48802409805166, 4.0038565173428005
51.459332403596804, 4.256289370068412
45.65563833739683, 1.9415551693237985
54.703778261774715, 3.105634049640085
47.141782652558085, 2.338514278118682
48.13269274404258, 0.8382372030825573
48.98093277234028, 3.6569175548734667
52.202715891639585, 0.29772020876899985
52.788244319066145, 0.11801707223010838
53.10231431688643, 1.107877971567661
46.76110649637071, 1.1491269069545185
46.333421971086146, 2.1918277377291933
47.91349827217429, 1.8149202936643665
46.08929883996891, 4.691432748752195
50.807466402076855, 4.924771127238513
51.6591685333214, 4.079803305994145
54.17119619109757, 1.050112885761514
54.33736331670382, 0.10668344567319532
48.94028657244964, 0.7795332794618526
46.1810412762444, 3.3657142886601297
50.26900899950524, 3.0813456193906545
46.39360761808973, 2.3740884606088875
49.005095103227774, 3.7671403126369185
48.177793528391774, 1.642103617192446
50.94697271386361, 0.9876730612132787
51.316516751087654, 0.548594680038659
50.52052406335547, 6.383585629019638
45.46060928384189, 1.6913498193316423
48.81993306494369, 1.886473792893713
55.758439632876645, 3.7390276286365998
49.664204051973435, 4.203574005451658
51.26586409298972, 1.8030379015827551
53.564857398240065, 0.6756834705333212
46.37425676905764, 2.0507082239409757
53.259669999598835, 3.0336096048688628
53.10853168152687, 4.681936748014467
47.41992104560288, 3.868908093506729
50.66210101910841, 4.133665647585579
50.50650718606822, 3.6236036880877145
53.738970626537146, 2.18649675433996
54.44506001657041, 1.1677653854382295
56.848490868848884, 5.300407848721672
46.677971910466496, 2.713066382415533
52.07758721070403, 2.3363994779008186
52.748656372833956, 2.017320373159707
52.222010743946626, 3.1463171516356487
51.556951475824086, 0.36195499988167423
48.67314740788987, 2.1901789146691306
48.552616779717674, 2.365606179988014
53.02920276536367, 0.5519946778996512
50.67784136965177, 4.618600109660877
45.57195140036673, 4.119305046542561
43.576121788437696, 0.33081075975212637
46.50963160438714, 0.15511881260048876
47.769848586727505, 0.7507189007642008
51.52307314577792, 2.0918922588628726
49.336748251657404, 2.4471741071891246
48.781768010847635, 3.0856390946273002
45.31948033293108, 3.8714282689227586
48.625963159568904, 5.0081568977918955
45.14513555753964, 2.769080465879589
58.46077287917665, 1.0091816610318256
47.58993701042704, 0.857247558109107
50.123640108434266, 3.852064539553174
51.39573538483352, 0.7777797784233418
51.787978492573345, 2.2251728514247806
51.62624255396753, 4.575946181690862
50.07128386658349, 5.453940403482356
54.46203135161496, 1.4070086621301108
50.469073235338826, 3.774480080954219
50.27174934422546, 1.0211016883247863
54.34767172400519, 4.1624388086085045
44.78342203336229, 4.141652830989674
47.43450057318351, 4.533540170920002
47.83501884688718, 1.7031131878715193
51.45682324345404, 0.8322898124795524
43.67009125875698, 1.0742233874195843
48.75061793031766, 0.9701183831895035
51.98366726423701, 0.7970160164911531
49.49928641063753, 1.6012239278475944
49.777669666284105, 3.6775165550829643
46.724908291491886, 1.0560025643109756
51.53942355270442, 3.675366580138145
53.16871004004159, 2.7685451410049478
47.227154027318136, 2.6278676473369273
49.81986417277348, 1.7726113060611541
49.143912566590835, 0.124079821531212
50.27429218037401, 1.0886905215807061
53.173560932684794, 0.6806583496862011
48.75407160363349, 0.3707061251150141
54.1158463548077, 0.43491687023522774
46.90746530715612, 5.309381040020204
43.703511263608405, 2.2258721763910687
48.14702375052637, 0.8433431800419398
49.45254732198066, 3.545124914902023
50.823616352798204, 3.2465709422372875
47.981989082434545, 0.20621211141342588
58.594003581010114, 2.054345399397407
48.95073602052587, 3.518768099305664
46.698072902185025, 2.613657773290087
49.80630616326959, 0.4496786445860059
45.84292029167584, 2.7220655353055925
